mtllib ./TetrahemiHexahedron.mtl
g TetrahemiHexahedron
v 0.374752 -0.0008261343 -0.375247
v 0.375243 -0.001768866 0.3747521
v -0.001836 -0.5303261 -0.0006658104
v -0.375243 0.001768866 -0.3747521
v 0 0 0
v -0.374752 0.0008261343 0.375247
v 0.001836 0.5303261 0.0006658104
v 0.374752 -0.0008261343 -0.375247
v -0.001836 -0.5303261 -0.0006658104
v -0.001836 -0.5303261 -0.0006658104
v 0 0 0
v -0.375243 0.001768866 -0.3747521
v -0.001836 -0.5303261 -0.0006658104
v -0.375243 0.001768866 -0.3747521
v 0.375243 -0.001768866 0.3747521
v 0 0 0
v -0.374752 0.0008261343 0.375247
v -0.374752 0.0008261343 0.375247
v 0 0 0
v -0.001836 -0.5303261 -0.0006658104
v 0.375243 -0.001768866 0.3747521
v 0.374752 -0.0008261343 -0.375247
v -0.375243 0.001768866 -0.3747521
v 0.374752 -0.0008261343 -0.375247
v 0.001836 0.5303261 0.0006658104
v 0.001836 0.5303261 0.0006658104
v 0.375243 -0.001768866 0.3747521
v -0.374752 0.0008261343 0.375247
v 0.001836 0.5303261 0.0006658104
v -0.375243 0.001768866 -0.3747521
v 0.001836 0.5303261 0.0006658104
v 0.374752 -0.0008261343 -0.375247
v -0.001836 -0.5303261 -0.0006658104
v 0 0 0
v 0.375243 -0.001768866 0.3747521
v 0 0 0
v 0.374752 -0.0008261343 -0.375247
v 0.375243 -0.001768866 0.3747521
v -0.374752 0.0008261343 0.375247
v -0.374752 0.0008261343 0.375247
v 0.001836 0.5303261 0.0006658104
v -0.375243 0.001768866 -0.3747521

vn 0.8144929 -0.5801724 -0.001262478
vn 0.8144929 -0.5801724 -0.001262478
vn 0.8144929 -0.5801724 -0.001262478
vn -0.003460828 -0.9999933 -0.001254703
vn -0.502772 -0.7047431 -0.5005573
vn -0.81849 -0.5745209 -0.0001863282
vn 0.001462788 0.5783734 -0.815771
vn -0.003460828 -0.9999933 -0.001254703
vn -0.7075658 0.003336776 -0.7066398
vn 0.7066392 -0.001558074 -0.7075724
vn 0.7066392 -0.001558074 -0.7075724
vn 0.7066392 -0.001558074 -0.7075724
vn -0.81849 -0.5745209 -0.0001863282
vn -0.81849 -0.5745209 -0.0001863282
vn -0.003460828 -0.9999933 -0.001254703
vn -0.502772 -0.7047431 -0.5005573
vn -0.003460828 -0.9999933 -0.001254703
vn 0.7075657 -0.003336776 0.7066398
vn 0.7075657 -0.003336776 0.7066398
vn 0.7075657 -0.003336776 0.7066398
vn -0.7066392 0.001558074 0.7075724
vn 0.001462788 0.5783734 -0.815771
vn 0.001462788 0.5783734 -0.815771
vn 0.003460828 0.9999933 0.001254703
vn 0.7075657 -0.003336776 0.7066398
vn 0.7066392 -0.001558074 -0.7075724
vn 0.7066392 -0.001558074 -0.7075724
vn 0.002533434 0.5763199 0.8172204
vn 0.002533434 0.5763199 0.8172204
vn 0.003460828 0.9999933 0.001254703
vn -0.7075658 0.003336776 -0.7066398
vn -0.7075658 0.003336776 -0.7066398
vn -0.7066392 0.001558074 0.7075724
vn -0.7066392 0.001558074 0.7075724
vn 0.003460828 0.9999933 0.001254703
vn 0.003460828 0.9999933 0.001254703
vn 0.7075657 -0.003336776 0.7066398
vn 0.002533434 0.5763199 0.8172204
vn 0.003460828 0.9999933 0.001254703
vn -0.7075658 0.003336776 -0.7066398
vn -0.7066392 0.001558074 0.7075724
vn -0.7066392 0.001558074 0.7075724

vt 0.348967 0.577449
vt 0.174525 0.751875
vt 0.174619 0.402929
vt 0.651116 1
vt 0.651013 0.798536
vt 0.651116 0.523574
vt 0.174348 0.751875
vt 0.47667 0.899357
vt 0.476566 0.697893
vt 0.651116 0.697893
vt 0.825558 0.523467
vt 0.65121 0.348946
vt 0.349144 0.348946
vt 0.348967 0.697893
vt 0.651181 0
vt 0.651284 0.201464
vt 0.825628 0.100643
vt 0.174306 0.402929
vt 0.174483 0.201464
vt 0 0.302043
vt 0.000177 0.100579
vt 0 0.577355
vt 0.174442 0.402929
vt 0.17466 0
vt 0.348967 0.100885
vt 1 0.348946
vt 0.999906 0.697893
vt 0.348967 0.174208
vt 0.650874 0.348946
vt 0.34879 0.30235
vt 0.825731 0.302107
vt 0.47667 0.899357
vt 0 0.302043
vt 0.174483 0.201464
vt 0.000177 0.100579
vt 0.174483 0.201464
vt 0.17466 0
vt 0.651181 0
vt 0.174306 0.402929
vt 0.825628 0.100643
vt 0.348967 0.100885
vt 0.34879 0.30235

usemtl unnamed
usemap unnamed
f 1/1/1 2/2/2 3/3/3
f 4/4/4 8/8/8 5/5/5
f 32/32/32 9/9/9 5/5/5
f 10/10/10 12/12/12 11/11/11
f 6/6/6 14/14/14 13/13/13
f 15/15/15 17/17/17 16/16/16
f 18/18/18 20/20/20 19/19/19
f 33/33/33 21/21/21 34/34/34
f 22/22/22 23/23/23 7/7/7
f 35/35/35 24/24/24 36/36/36
f 37/37/37 25/25/25 19/19/19
f 26/26/26 27/27/27 11/11/11
f 28/28/28 38/38/38 29/29/29
f 30/30/30 39/39/39 36/36/36
f 40/40/40 31/31/31 16/16/16
f 41/41/41 42/42/42 34/34/34
